137,35
106,1
106,0
105,3
105,2
105,1
105,0
104,3
104,2
104,1
104,0
103,3
103,2
103,1
103,0
102,3
102,2
102,1
102,0
101,3
101,2
101,1
101,0
100,3
100,2
100,1
100,0
99,3
99,2
99,1
99,0
98,3
98,2
98,1
98,0
97,3
97,2
97,1
97,0
96,3
96,2
96,1
96,0
95,6
95,5
95,4
95,3
95,2
95,1
95,0
93,6
93,5
93,4
93,3
93,2
93,1
93,0
92,4
92,3
92,2
18,1
92,1
18,3
92,0
91,3
91,2
91,1
91,0
90,3
14,4
90,2
90,1
14,3
90,0
89,3
89,2
89,1
13,1
13,3
89,0
88,3
88,2
88,1
88,0
87,3
87,2
87,1
40,108
40,107
40,106
40,105
40,104
40,103
40,102
40,101
40,100
40,99
40,98
40,97
40,96
40,95
40,94
40,93
40,92
40,91
40,90
40,89
40,88
40,87
40,86
40,85
40,84
40,83
40,82
40,81
40,80
40,79
40,78
40,77
40,76
40,75
40,74
40,73
40,72
40,71
40,70
40,69
40,68
40,67
40,66
40,65
40,64
40,37
40,36
40,35
40,34
40,33
40,32
40,31
40,30
40,29
40,28
40,27
40,26
40,25
40,24
40,23
40,22
40,21
40,20
2,2
40,19
2,1
40,18
2,3
40,17
40,16
40,15
40,14
40,13
40,12
40,11
35,11
35,10
35,9
35,1
35,8
14,11
14,1
14,10
0,0
137,34
137,33
137,32
137,31
137,30
137,29
137,28
137,27
137,26
137,25
137,24
137,23
137,22
137,21
137,20
137,19
137,18
137,17
137,16
137,15
137,14
137,13
137,12
137,11
